Pareto Solutions:
0.1881693364642863,0.8638909577832171,0.5766186596931699,0.16370679984659098,0.7550105131298559,0.42338134030683006
0.2617019772766088,0.9994870269722621,0.6481739384431093,0.11807482980418423,0.8917992043655038,0.35182606155689056
0.23160855539102804,0.9559107938553253,0.6549833953585771,0.20268792455671375,0.8817802955978323,0.3450166046414228
0.22235921368384248,0.9515077883153458,0.5553752510851289,0.2697225891984072,0.9837921994160118,0.4446247489148711
0.1898247756231976,0.6900148280446837,0.5180551250778105,0.17025883790244253,0.6581700900379711,0.4819448749221896
0.2639982991820598,0.8990210296575889,0.5704863589253677,0.21336869986726256,0.9400518854058524,0.4295136410746323
0.26759721806450104,0.8712213201395403,0.7063392535793556,0.0072547343668401265,0.7791006787162443,0.2936607464206445
0.1898247756231976,0.8289258110470913,0.504127844372615,0.25008885012326243,0.8103233583028334,0.49587215562738485
0.26593605454800234,0.8802840904333067,0.7644338258279241,0.03733064360988442,0.7726299159334126,0.23556617417207584
0.27798842882206054,0.95538126372084,0.7213294240024183,0.19263683222507233,0.79903535222756,0.2786705759975817
0.31325439795728544,0.9593261827692817,0.5644960912726392,0.14825023260372439,0.7607241768236177,0.4355039087273608
0.31306041643329613,0.8911036979506685,0.5417258091120721,0.11282130474838406,0.8463702134697892,0.45827419088792787
0.2782169837523052,0.7844642565674591,0.5404562442705706,0.12352091979466193,0.9418835253431274,0.45954375572942935
0.3178228684618831,0.9477416899369039,0.5947675101206268,0.12891756307424493,0.6720698518387707,0.4052324898793733
0.263395113313481,0.8918680162640461,0.5721415836773077,0.2013423648063545,0.6768995256578939,0.4278584163226922
0.2933917610789328,0.9418859630515755,0.5115897733775623,0.1691492902827615,0.6006610033143472,0.48841022662243766
0.2933917610789328,0.9418859630515755,0.5147139486060016,0.17138933463216277,0.6077178646566721,0.48528605139399833
0.2880474976120685,0.8415390080023193,0.6846144048685602,0.0400739766827187,0.8513045857384515,0.3153855951314398
0.3687919985204028,0.9938088848492284,0.5278752371548522,0.16041459597013463,0.9947599436697572,0.4721247628451478
0.368635949535248,0.9940440432005019,0.5540997406534489,0.1197068989917314,0.8028309220634037,0.44590025934655103
0.1881693364642863,0.8638909577832171,0.518214580639475,0.3051007392863315,0.8197193494935098,0.48178541936052505
0.1845254363358707,0.8866065963966433,0.7108782817582363,0.38850385431530154,0.8800365375201623,0.2891217182417636
0.18543453221496975,0.5955274531275032,0.49984325521697576,0.24919482755074038,0.7811115127300212,0.5001567447830243
0.1846213896603208,0.8141052985082483,0.5679338758803986,0.30324482204508585,0.7817473442059552,0.43206612411960155
0.31317655548251444,0.9182314762150853,0.8066180963662721,0.038988955870166514,0.7726299159334126,0.19338190363372781
0.3758454170584767,0.9977406334292107,0.42816241923374204,0.20297443399317217,0.7801534147386112,0.5718375807662579
0.1846213896603208,0.8141052985082483,0.5538990209767047,0.30324482204508585,0.7726477987847237,0.4461009790232952
0.368635949535248,0.9940440432005019,0.5116678613209367,0.20297443399317217,0.8028309220634037,0.4883321386790633
0.3701597150601511,0.8911036979506685,0.46612877204064307,0.11282130474838406,0.8463702134697892,0.5338712279593569
0.21325790012307605,0.8805851195970898,0.473795866246116,0.3042067167138095,0.808171692732004,0.5262041337538839
0.3694035241915392,0.9940440432005019,0.5550131665877281,0.20297443399317217,0.8028309220634037,0.4449868334122719
0.3189994884420296,0.7848991663016065,0.5306135586759612,0.08369898302301709,0.9210454492114102,0.46938644132403884
0.35066685159313143,0.941103712977658,0.5243943514248793,0.2174926157472603,0.8088832393005596,0.47560564857512067
0.28799611886935794,0.7325470447289831,0.5990139129430132,0.05775486438421355,0.7831631457472756,0.40098608705698674
0.33978097738096535,0.9156051402792013,0.5039068185449185,0.2174926157472603,0.7566403607999225,0.4960931814550815
0.2777553385797182,0.8019674985714089,0.6612073338444834,0.24763284817312933,0.7764246797870974,0.3387926661555165
0.2588490473383918,0.8664986754843216,0.5171641588632936,0.3051007392863315,0.8115882200966561,0.48283584113670647
0.26373194080377416,0.8801477250071224,0.5017939501769149,0.3051007392863315,0.8078510839587899,0.49820604982308503
0.33308548012434697,0.881188508021154,0.5264748410424097,0.24051912548091903,0.7783116164958833,0.47352515895759034
0.2588490473383918,0.8373844542319553,0.4755729834282133,0.306202413007754,0.808171692732004,0.5244270165717867
0.2567749590840068,0.8720314443426707,0.6766856848631141,0.361810268722887,0.8456229219938455,0.323314315136886
0.26574483753116834,0.653414513836404,0.543275724373129,0.16954477805050272,0.678162550720782,0.456724275626871
0.2683203409895366,0.8720314443426707,0.6355406629511408,0.361810268722887,0.8784591404907806,0.36445933704885913
0.2588490473383918,0.8801477250071224,0.47555466305245486,0.3072063896136573,0.7786059444639414,0.5244453369475452
0.27156424483829844,0.8837879365169947,0.4620350780915823,0.303646556499531,0.7853849680713153,0.5379649219084178
0.26884226262780203,0.9559107938553253,0.6770674602446263,0.38850385431530154,0.8510252803622455,0.3229325397553736
0.28058350761288003,0.877234983012827,0.6549833953585771,0.3506203086214148,0.8456429929540441,0.3450166046414228
0.18041551397683186,0.8866065963966433,0.5436528003424708,0.39574970579327784,0.8800365375201623,0.4563471996575292
0.2998054171281572,0.7786618440777618,0.6861166070137545,0.2869090356151002,0.9350472946513368,0.31388339298624546
0.2652557624010197,0.6454902630686893,0.6819727728937525,0.13506762913035222,0.7791006787162443,0.31802722710624753
0.3684947677587943,0.8770866243407476,0.5123356265714123,0.21325595681791576,0.7263377592347039,0.4876643734285877
0.28726289992323223,0.7362002738713374,0.45749502131497677,0.30928793618299416,0.869277940884744,0.5425049786850232
0.3102994119431136,0.8328877230104847,0.5386077078497427,0.2965073317259706,0.7936696483133481,0.46139229215025734
0.255808493501999,0.8373844542319553,0.46813403001973025,0.3382292869511672,0.808171692732004,0.5318659699802698
0.27522606358806123,0.774042388854546,0.4620374049920352,0.303646556499531,0.7813439271633605,0.5379625950079647
0.2650871068415087,0.6264015010220366,0.49984325521697576,0.24919482755074038,0.7811115127300212,0.5001567447830243
0.36624634385989896,0.8436005625254726,0.5275631354418019,0.2240822550010012,0.7784615993345988,0.472436864558198
0.24730984752021645,0.7786618440777618,0.6865535170961062,0.43929870209106076,0.9350472946513368,0.31344648290389365
0.368635949535248,0.8335184984844758,0.5540997406534489,0.2006209612502564,0.8028309220634037,0.44590025934655103
0.35066685159313143,0.9569455255412275,0.5087049893466465,0.31248292140823797,0.7857389152958835,0.49129501065335335
0.36540319251724895,0.915188442994525,0.5039068185449185,0.2789617590808492,0.7566403607999225,0.4960931814550815
0.2650871068415087,0.6056916958427163,0.5279945499484308,0.24919482755074038,0.8037890200548136,0.47200545005156935
0.3666899744694172,0.9218343782020775,0.5074831449517039,0.3084968337518178,0.8085316915474717,0.4925168550482962
0.26574483753116834,0.6463004091702359,0.4866691924779916,0.24919482755074038,0.6694026581838903,0.5133308075220084
0.3687919985204028,0.9341240288245058,0.5278752371548522,0.39224008355568885,0.9915940444832854,0.4721247628451478
0.2683500882749068,0.6018459345045857,0.6376933702444141,0.17823250696252926,0.6725877539782771,0.362306629755586
0.3714146762211651,0.8636803104558459,0.736925839075237,0.2174926157472603,0.7781399808124486,0.26307416092476293
0.2816240384959599,0.971876412715764,0.5510326465017246,0.4081904526611956,0.8351266548185695,0.4489673534982754
0.26574483753116834,0.653414513836404,0.49664767251256803,0.34707194419417253,0.8652450867123003,0.503352327487432
0.35066685159313143,0.9569455255412275,0.5113529594077536,0.3482043868398477,0.7857389152958835,0.48864704059224645
0.36739871056996865,0.8328877230104847,0.5068730829139426,0.2965073317259706,0.7936696483133481,0.49312691708605744
0.37025265700929744,0.8328877230104847,0.5081246326093328,0.2965073317259706,0.7936696483133481,0.49187536739066723
0.3758454170584767,0.9940440432005019,0.46444506572767347,0.37732966575860777,0.8464449785770201,0.5355549342723265
0.36878510788458035,0.8674152954806649,0.7201184511696684,0.2601714000364508,0.6469966851528592,0.2798815488303316
0.31305194328319125,0.6056763499904364,0.531603372529715,0.13506762913035222,0.7791006787162443,0.46839662747028504
0.3123276077760208,0.6264015010220366,0.49984325521697576,0.24919482755074038,0.7811115127300212,0.5001567447830243
0.27522606358806123,0.8065938670929459,0.4414881582690978,0.37133793141687105,0.7781236335374444,0.5585118417309022
0.3684947677587943,0.8770866243407476,0.5123356265714123,0.3350362372300835,0.7395769681569582,0.4876643734285877
0.3472710638026902,0.8412297701968551,0.6763320206701521,0.405892491105472,0.808643387785376,0.32366797932984803
0.4155165809552901,0.8029899332832929,0.5298154082009963,0.2506939385108443,0.7857954987751314,0.4701845917990037
0.3666899744694172,0.8878989762569391,0.5074831449517039,0.3084968337518178,0.6469966851528592,0.4925168550482962
0.417490541993309,0.9410379302046508,0.6502257580352901,0.3885024496873827,0.8471116181150677,0.3497742419647098
0.2994034197498674,0.7786618440777618,0.6543295389489838,0.5163402074185397,0.9372909672365067,0.34567046105101606
0.36728173521992735,0.8428125068384645,0.5313948618601205,0.38494092805397706,0.7875131343714282,0.46860513813987953
0.2994034197498674,0.7464472332555436,0.49468249750889004,0.5072534888353937,0.8860714519323106,0.50531750249111

Pareto Objectives:
0.15106807467024924,0.17824165429512612,1.0,1.0
0.18269295671638433,0.21601197438755906,1.0,0.9976
0.19748094626927867,0.23430621842180963,1.0,0.9940000000000001
0.5943723412524081,0.2819126775462201,1.0,0.9348000000000001
1.9186474083821878,0.3318385322665264,1.0,0.6267000000000001
1.9658665352956177,0.33772574294959085,1.0,0.5830000000000001
2.025865361587876,0.35507270878621777,1.0,0.4978
2.039134767991529,0.3579064509189206,1.0,0.47679999999999995
2.0250543701939505,0.3660916036955259,1.0,0.45429999999999987
2.04522369977834,0.37600518969457464,1.0,0.4101000000000001
2.0507594620419987,0.3968679757128271,1.0,0.3697
2.059021187343339,0.42632211335822556,1.0,0.3187999999999999
2.058341077024728,0.436226085321439,1.0,0.30330000000000007
2.060305044683961,0.43872767743121766,1.0,0.29879999999999995
2.064207743104924,0.4509926407920755,1.0,0.2933
2.0636934575704373,0.4574428829185085,1.0,0.28480000000000005
2.0650964177788875,0.4587049585139075,1.0,0.2818999999999999
2.0699767467795676,0.4768428939475962,1.0,0.26789999999999997
2.0730982352869267,0.5023036341007839,1.0,0.2414
2.0761720238274113,0.515876989263866,1.0,0.2346
2.0784723624937333,0.5238513128815846,1.0,0.23140000000000008
2.081784049532091,0.5426991885077591,1.0,0.21870000000000003
2.081512781654571,0.5435060030104512,1.0,0.2178000000000001
2.084011168360965,0.5523983997648538,1.0,0.21290000000000014
2.083776748695888,0.5555918773494126,1.0,0.20950000000000002
2.087895832415,0.5717310354342545,1.0,0.2044000000000002
2.0902656463139313,0.5799179256223411,1.0,0.19369999999999993
2.0925671770746317,0.589594180106054,1.0,0.19260000000000008
2.0963767843355643,0.6015363855806583,1.0,0.18900000000000006
2.0954929555957653,0.6035868692227153,1.0,0.1833999999999999
2.097620133572116,0.618865659233434,1.0,0.18139999999999998
2.0988805183653136,0.6240506703622519,1.0,0.17900000000000002
2.101443697338071,0.6310034398513423,1.0,0.17779999999999993
2.102945388949795,0.63422661087789,1.0,0.17650000000000002
2.1051977597183993,0.6511416445866743,1.0,0.17139999999999994
2.109433085510957,0.6672122765645411,1.0,0.16780000000000006
2.1122774592706497,0.6841702643982047,1.0,0.16140000000000007
2.1141242142164574,0.6997692388294944,1.0,0.15550000000000008
2.1218776307236693,0.735683664074402,1.0,0.14750000000000016
2.124347305143409,0.7384923806981634,1.0,0.1463000000000002
2.123631464332004,0.7390169531735877,1.0,0.1458000000000002
2.1274089620458847,0.757805412961466,1.0,0.1424000000000002
2.128093961032477,0.7629190748262477,1.0,0.13990000000000014
2.1298540805601367,0.7686790513216679,1.0,0.1390000000000002
2.1299206252354663,0.7718603329838332,1.0,0.13760000000000014
2.13541418725056,0.7942624960969386,1.0,0.13500000000000012
2.134679425613587,0.7984078973920685,1.0,0.13240000000000013
2.136413539117579,0.7994049316882734,1.0,0.1321000000000001
2.143942469140997,0.836678638796391,1.0,0.1267
2.1454282827404207,0.8497249822539699,1.0,0.12540000000000004
2.151407053419398,0.8732298300525332,1.0,0.12029999999999996
2.1552670966672247,0.895387634093964,1.0,0.11729999999999993
2.156033598963818,0.9005118850737505,1.0,0.1165999999999999
2.1580968086800327,0.907854667391518,1.0,0.11449999999999987
2.1583165291987623,0.9080568029381069,1.0,0.11439999999999985
2.1644533570010593,0.9388987139635909,1.0,0.11249999999999984
2.1648595703823275,0.9443755617032207,1.0,0.11089999999999993
2.165439038121056,0.945459211698137,1.0,0.11059999999999989
2.166391320247153,0.9522316355394348,1.0,0.10979999999999988
2.1703874846323856,0.9703138936122571,1.0,0.10809999999999993
2.17407978469343,0.9876738453545884,1.0,0.10549999999999989
2.180984562236091,1.011849492783895,1.0,0.10349999999999988
2.1825627610575307,1.0287080931417167,1.0,0.10189999999999987
2.185848189583828,1.0463015654844552,1.0,0.09929999999999989
2.1935773216971244,1.0704431905977,1.0,0.09819999999999986
2.1965834439522816,1.0975779850090677,1.0,0.0941999999999999
2.2003989553837777,1.1163237654603395,1.0,0.0926999999999999
2.2041838944381515,1.1420558076536236,1.0,0.0912999999999999
2.205514741916678,1.1431601626409846,1.0,0.09099999999999991
2.2119627288894823,1.1742377673759146,1.0,0.08779999999999993
2.2182992311274874,1.2007831136885907,1.0,0.08689999999999994
2.219814555867448,1.2192835520159766,1.0,0.08469999999999998
2.2273815952524294,1.258516535213463,1.0,0.08170000000000002
2.2311948592085735,1.275733394878628,1.0,0.08020000000000005
2.238479154751666,1.3157079147558763,1.0,0.07800000000000007
2.2466082244962218,1.3565698319809871,1.0,0.07690000000000008
2.247043237274103,1.3572864001171927,1.0,0.07600000000000008
2.263372032889775,1.445590943022295,1.0,0.07150000000000009
2.281520249594706,1.5354645023286357,1.0,0.06830000000000007
2.2821150782186965,1.538356755158579,1.0,0.06780000000000004
2.2843569425731745,1.5463125764271717,1.0,0.06760000000000005
2.288610628233061,1.5702796469604612,1.0,0.06700000000000003
2.3033808131231654,1.64780186388509,1.0,0.061599999999999905
2.3157864182954486,1.7123039807038394,1.0,0.06009999999999989
2.3190491685090215,1.7347608882104941,1.0,0.059899999999999905
